N
F#
B
F#m
B
F#m
B
F#
B
E
C#m
E
C#m
E
Abdim
F#m
B6
F#m7
B6
F#m
Abm7
F#m
B
E
C#m
E
C#m
E
C#7
F#m
B/F#
F#m
B
F#m
B
F#m
B/F#
E
C#m
E
C#m
E
C#
F#m
B6
F#m7
B
F#m7
B6
F#m7
B
E
C#
F#
Eb7
Abm
C#6
Abm
C#
Abm
C#m
Abm
C#
F#6
Ebm
F#
Eb7
Abm
C#
Abm
C#
Abm
C#
Abm
C#
F#
Ebm7
F#
Ebm
F#
Eb7/G
Abm
C#
Abm7
C#
Abm7
C#
Abm7
C#
Abm7
C#
F#
Ebm7
F#
Eb7/G
Abm
C#
Abm
C#
Abm7
C#6
Abm7
C#6
Abm
C#
Abm
C#
Abm7
C#
Abm7
C#
Abm7
C#
Abm
C#
Abm7
C#
Abm
C#
Abm7
C#
Abm7
C#
Abm7
C#
Abm7
C#6
Abm7
C#
Abm7
C#
Abm
C#
N
